-12.3461568945,1.35124194337,1
-13.6349902631,1.5299902797,1
-15.4922116384,1.82257853023,1
-14.0464697389,1.69227510031,1
-13.6946053595,2.18770043546,1
-15.9769711556,1.89451264226,1
-14.8009247881,1.12929319816,1
-15.1979425573,3.59350320904,1
-14.9453711029,2.15327136917,1
-13.7468287056,1.81125449828,1
-14.4986165097,1.82771826483,1
-14.2328472047,1.32181680841,1
-16.2699893601,8.90080512804,1
-14.6560514511,2.85001695943,1
-13.1494120203,1.2836808803,1
-13.2047350552,1.5313833333,1
-13.7689299757,1.55792678564,1
-14.0111887232,1.98608623562,1
-14.5760871571,2.25030539937,1
-12.4543672386,1.08561660837,1
-14.7518398424,1.6151632828,1
-15.5587903433,1.68153796076,1
-14.490760835,1.86769468712,1
-12.5389476899,2.14867842698,1
-14.6888243552,1.81824266359,1
-16.420500184,7.33082350307,1
-12.9312020761,1.48162732368,1
-14.1580538693,1.46215781926,1
-14.7960417108,1.67170229283,1
-15.2091053859,5.40381156843,1
-15.9655976892,1.93984803697,1
-15.2957362304,1.738849773,1
-12.1046980146,1.99982457235,1
-16.2757744249,2.8276966508,1
-14.5796786227,4.30627908589,1
-13.441407768,1.53204814277,1
-12.4650497822,1.94851089027,1
-14.6707650696,2.47485679814,1
-13.8276491191,3.13755956604,1
-13.8112415064,1.29151755669,1
-14.319062986,2.61768421594,1
-13.1633786375,1.47099838089,1
-13.2779921817,1.59755643905,1
-14.0183135158,1.14238206635,1
-16.0151625922,2.94003408879,1
-14.6489892884,1.04303859083,1
-13.841004838,1.73972108405,1
-14.5849932571,2.77966274049,1
-13.0839903549,1.49450830898,1
-16.9388482187,5.17650443261,1
-13.2934892145,1.29485858513,1
-13.2041019837,1.55216070863,1
-13.2075280633,1.20278309317,1
-12.8002350483,1.09541298661,1
-12.6272002729,1.24714915734,1
-12.6394475873,1.47879823048,1
-13.079347432,2.43220782676,1
-16.1401754738,6.19117655395,1
-14.7184189917,1.85008676675,1
-16.420500184,7.33082350307,1
-14.047294295,2.25026751665,1
-15.4385816156,4.85385580741,1
-14.9944985797,1.99149886558,1
-16.7735127509,6.44428561564,1
-13.9656784573,1.23053985866,1
-13.4052728178,2.39808278096,1
-14.8399773201,2.68938013887,1
-15.18878115,2.30940508342,1
-15.8482039766,1.95595641601,1
-15.4825831975,1.47383612851,1
-16.9388482187,5.17650443261,1
-14.2903428368,2.05031296842,1
-13.92920193,1.32912885387,1
-13.5101522329,1.60019669458,1
-15.2654101914,2.52799171166,1
-13.8674992599,1.3456021246,1
-15.1007909754,1.85681997876,1
-14.7960417108,1.67170229283,1
-16.1401754738,6.19117655395,1
-14.7184189917,1.85008676675,1
-13.5356585625,1.15332013697,1
-14.7565085948,1.2332315891,1
-14.6888243552,1.81824266359,1
-15.1007909754,1.85681997876,1
-14.3356926816,1.84335895925,1
-12.5147302365,1.75983602738,1
-14.7479905983,2.56012075245,1
-14.665752631,3.35917023265,1
-13.5499477602,1.10360188811,1
-13.4190467781,1.60651891584,1
-14.0617930057,2.03373867146,1
-14.7240093326,2.46076789539,1
-13.486856964,1.51341801722,1
-13.0574851359,1.96882032057,1
-15.6375829053,4.95201130277,1
-13.7666920859,2.13450548319,1
-13.7223601333,1.92069078537,1
-14.7080564234,4.33824251278,1
-15.7593074616,5.58291343389,1
-15.3444921438,3.31760824926,1
-18.4878158468,3.67935168228,0
-18.5783092224,3.60035695359,0
-17.4124672748,2.43082371229,0
-18.8217654261,5.61033185006,0
-19.2376446488,2.97100466026,0
-18.8634667362,7.96870797879,0
-19.435572813,5.00464796572,0
-19.4061041496,9.63074647315,0
-21.4482956102,11.6683085541,0
-21.7140661067,9.01293880605,0
-20.0194494138,9.12140881584,0
-18.7466795127,6.71554775485,0
-20.86286651,6.73625685196,0
-20.0195232766,7.25398408694,0
-21.5610551651,6.33239516946,0
-22.1562932507,7.94687742207,0
-17.499027844,21.730393189,0
-18.7443543057,10.0589477296,0
-15.6755310323,3.59213847909,0
-16.3409596333,7.01380751741,0
-19.1360701405,6.48259562241,0
-19.32404392,5.69446118092,0
-20.8812019107,9.61774546963,0
-17.4268938704,2.22080681878,0
-22.6853675159,13.4616894909,0
-20.8839632382,6.94265342206,0
-19.032763928,3.01895112148,0
-17.5066879641,5.80376997493,0
-21.1101677902,8.90207607634,0
-18.6188964954,5.27115508339,0
-23.8990459714,19.9244215207,0
-19.9205934886,5.8667432215,0
-20.1974004898,4.70783075983,0
-19.98613004,8.2073014715,0
-17.4449354321,5.05071600612,0
-19.2274846702,4.52115423693,0
-18.6244996109,3.5611388877,0
-21.1734876413,9.94338276649,0
-20.2368632392,7.4249295596,0
-19.4575510747,8.00887938905,0
-19.7676417782,6.71301913121,0
-20.8223471091,7.62003974881,0
-22.1457877577,11.2908214894,0
-18.9961516202,4.74570693621,0
-17.4597772714,4.59214357449,0
-20.5262253031,15.0191139817,0
-19.8773775806,4.93471967968,0
-20.5210114446,7.22754451439,0
-19.2475251201,3.03307351854,0
-20.0794121438,5.87433373817,0
-19.8800101218,4.41814945503,0
-18.5960879243,3.42935281764,0
-15.2096105841,1.23801445168,0
-20.2072224329,4.1436546312,0
-16.3092053985,5.67612416987,0
-16.9379759439,6.21820823719,0
-17.6879561908,3.32052092386,0
-18.9751154762,6.51146712256,0
-20.9852584722,17.0962760326,0
-20.275843566,4.45681754192,0
-22.2031138017,9.5060459759,0
-23.1706299591,8.12265827037,0
-23.0713429834,7.50129115211,0
-21.1331760417,5.92294196812,0
-20.1337221661,4.5876351893,0
-19.9123781025,4.12237072865,0
-19.6852644221,6.11133058849,0
-19.4399471216,4.61470884146,0
-19.4883088052,5.44788279711,0
-19.4265263713,4.81057786869,0
-18.2586547647,4.98349745453,0
-19.3088350795,4.46687100575,0
-18.0542618833,11.227651781,0
-21.8380665654,10.3219892588,0
-19.0450099299,6.26186002271,0
-20.015942031,8.02205940994,0
-18.5194416788,3.49224422814,0
-21.0146982252,11.844507968,0
-20.5647124818,11.6371257791,0
-21.192952103,6.89885974161,0
-20.7240246385,8.70473209051,0
-18.8079538375,10.6303809724,0
-17.6595058376,4.7191319502,0
-17.4867226105,2.69122127693,0
-22.5427227087,10.2723139243,0
-21.8665682275,6.99274465285,0
-23.4069752609,8.12966970917,0
-15.4017015703,3.00858066907,0
-20.2274813694,9.10379315836,0
-17.9499671274,4.46617067776,0
-19.1777394476,6.09209640903,0
-24.8156599485,13.1177870597,0
-20.7244148363,5.4226204812,0
-23.0514437956,8.32607227798,0
-19.9066662891,12.4689520858,0
-18.2470856443,3.79550409898,0
-20.0502332578,3.37058976468,0
-19.9253896603,3.55847251896,0
-18.9288660463,6.39615943627,0
-16.0302422641,1.6996437982,0
